3
2.5
1
2
0.3
1
3
0.3
1
2
0.3
1
3
0.3
1
2
0.3
1
3
0.3
1
2
0.3
1
1
0.3
5
0
0.9
1
1
0.3
1
2
0.3
1
3
0.3
5
0
0.9
1
1
0.3
1
2
0.3
1
3
0.3
5
0
0.9
1
3
0.3
1
2
0.3
1
3
0.3
1
2
0.3
1
3
0.3
1
2
0.3
1
3
0.3
1
2
0.3
1
1
0.3
5
0
0.9
1
1
0.3
1
2
0.3
1
3
0.3
5
0
0.9
1
2
0.3
1
1
0.3
1
0
0.3
5
3
1.2
1
2
0.3
1
3
0.3
1
2
0.3
1
3
0.3
1
2
0.3
1
3
0.3
1
2
0.3
1
1
0.3
5
0
0.9
1
1
0.3
1
2
0.3
1
3
0.3
5
0
0.9
1
1
0.3
1
2
0.3
1
3
0.3
5
0
0.9
1
3
0.3
1
2
0.3
1
3
0.3
1
2
0.3
1
3
0.3
1
2
0.3
1
3
0.3
1
2
0.3
1
1
0.3
5
0
0.9
1
1
0.3
1
2
0.3
1
3
0.3
5
0
0.9
1
2
0.3
1
1
0.3
1
0
0.3
5
0
0.9
1
3
0.3
1
2
0.3
1
1
0.3
5
0
0.9
1
3
0.3
1
2
0.3
1
1
0.3
5
0
0.9
1
3
0.3
1
2
0.3
1
1
0.3
5
0
0.9
1
3
0.3
1
2
0.3
1
1
0.3
5
1
0.9
1
3
0.3
1
1
0.9
1
3
0.3
1
2
0.3
1
3
0.3
1
2
0.3
1
3
0.3
1
2
0.3
1
3
0.3
1
2
0.3
1
3
0.3
1
2
0.3
1
3
0.3
1
2
0.3
1
3
0.3
1
1
0.3
1
3
0.3
1
2
0.3
1
0
0.3
5
0
0.9
1
1
0.3
1
2
0.3
1
3
0.3
5
0
0.9
1
1
0.3
1
2
0.3
1
3
0.3
5
0
0.9
1
3
0.3
1
2
0.3
1
3
0.3
1
2
0.3
1
3
0.3
1
2
0.3
1
3
0.3
1
2
0.3
1
1
0.3
5
0
0.9
1
1
0.3
1
2
0.3
1
3
0.3
5
0
0.9
1
2
0.3
1
1
0.3
1
0
0.3
5