1 2.45 1
3 0.476 1
0 0.476 1
3 0 1
2 0.476 1
3 0.158 1
1 0.158 1
2 0.158 1
2 0.476 1
3 0.476 1
0 0 1
0 0.476 1
3 0.158 1
2 0.158 1
0 0.158 1
3 0.476 1
2 0.476 1
0 0 1
1 0.476 1
0 0.158 1
1 0.158 1
2 0.158 1
0 0.476 1
3 0.476 1
0 0 1
3 0.45 1
1 0 1
0 0 1

2 0.4 1
0 0 1
3 0.45 1
0 0 1
1 0.476 1
2 0.476 1
0 0.476 1
1 0.158 1
3 0.476 1
0 0.476 1
2 0.476 1
1 0 1
0 0.476 1
2 0 1
2 0.476 1
3 0 1
0 0.476 1
3 0 1
3 0.476 1
2 0 1
0 0.158 1
1 0.158 1
1 0.476 1
2 0 1
0 0.476 1
3 0 1
0 0.476 1
1 0 1
1 0.476 1
2 0 1
2 0.476 1
3 0 1
3 0.476 13
0 0 13
2 1.2 8
1 0 8
0 0.8 1
1 0 1
3 0.3 1
2 0.2 1
1 0.2 1
2 0 1
0 0.3 1
2 0.476 1
1 0.476 13
2 0 13
0 1.2 8
3 0 8

1 0.8 1
2 0.476 1
0 0.1 1
1 0.376 1
3 0.476 1
2 0.1 1
0 0.376 1
3 0.1 1
2 0.376 1
0 0.476 1
2 0 1
1 0.1 1
3 0.13 1
2 0.246 1
1 0 1
0 0.476 1
3 0 1
1 0.13 1
0 0.246 1
1 0.476 1
3 0.13 3
2 0.476 1
0 0.246 1
3 0.23 1
0 0.476 1
3 0.246 1
2 0.23 1
1 0.476 1
0 0 1
3 0.246 1
1 0 1
2 0.23 1
0 0 1
1 0.476 1
3 0.246 1
2 0.23 1
2 0.476 1
1 0 1
0 0.476 16
2 0 11
3 1 5
1 0.752 1
2 0 1
3 0.2 1
3 0.476 1
2 0.115 1
3 0.115 1
2 0.246 1
1 0 1
0 0.476 1
3 0 1
2 0.476 15
0 0 10
1 1 4
1 0.476 1
2 0 1
0 0.476 1
1 0 1
2 0 1

0 0.952 1
2 0.476 1
2 0.476 1
0 0.238 1
0 0.238 1
1 0 1
0 0.119 1
2 0 1
0 0.119 1
3 0 1
0 0.119 1
3 0 1
2 0.238 1
1 0.238 1
2 0 1
1 0.317 1
1 0.1586 1
0 0.238 1
3 0.118 1
1 0.118 1
2 0.476 3
1 0.476  1
0 0.476 1
2 0.118 1
1 0.118 1
3 0.238 1
1 0.238 1
2 0.125 1
1 0.125 1
0 0.125 1
3 0 1
1 0.125 1
2 0.125 1
1 0.125 1
0 0.125 1
3 0 1
1 0.125 1
2 0.125 1
3 0.125 1
0 0 1
2 0.125 1
1 0.125 1
0 0.125 1
3 0 1
1 0.125 1
2 0.125 1
3 0.125 1
0 0 1

2 0.235 4
0 0 4
3 0.300 1
2 0.476 1
1 0 1
0 0.130 1
3 0 1
2 0.130 1
1 0 1
2 0.476 1
1 0 1
2 0.135 1
0 0 1
2 0.135 1
1 0 1
3 0.135 3
1 0 1
2 0.300 1
1 0.376 1
2 0.200 1
3 0.200 1

2 0.476 1
3 0.135 1
2 0.135 1
1 0 1
2 0.135 3
1 0 1
2 0.300 1
1 0.376 1
1 0.200 1
0 0 1
3 0.200 1

2 0.476 1
3 0.135 1
2 0.135 1
1 0 1
2 0.135 3
1 0 1
2 0.300 1
1 0.376 1
0 0.200 1
3 0 1
0 0.200 9.5
3 0 9.5

0 1.9 6
1 0 6
3 0 6

0 0.765 1
1 0 1
3 0 1
2 0.135 1
1 0.270 1
2 0 1
3 0 1
0 0.135 1

0 0.350 1
2 0 1
3 0 1
1 0.135 1
0 0.270 1
3 0 1
2 0.135 1
1 0 1

2 0.350 1
3 0 1
1 0.270 1
0 0.350 3
1 0 3
3 0 1
3 0.6 1

3 0.5 1
1 0.135 1
2 0.135 1
1 0 1
0 0.135 1
3 0 1
0 0.350 3
3 0 3

1 0.6 1
2 0 1
3 0.5 1
3 0.5 1
0 0 1
1 0 1
3 0.5 1

1 0.5 6
2 0 6
3 0 6

0 0.765 1
1 0 1
2 0 1
3 0.135 1
0 0.270 1
1 0 1
3 0 1
2 0.135 1

1 0.350 1
2 0 1
3 0 1
0 0.135 1
1 0.270 1
2 0 1
0 0.135 1
3 0 1

0 0.350 1
3 0 1
1 0.270 1
1 0.350 3
2 0 3
3 0 1
3 0.6 1

3 0.5 1
0 0.135 1
1 0.135 1
2 0.135 1
0 0 1
1 0.350 3
2 0 3

1 0.6 1
2 0 1
3 0.5 1
0 0.5 18
1 0 18
3 0 1
3 0.5 1
3 0.5 1
3 0.5 1

2 0.365 1
3 0.135 1
1 0 1

1 0.345 1
2 0.135 1
3 0 1

1 0.340 1
0 0.135 1
3 0 1

1 0.340 1
3 0.135 1
2 0 1

0 0.475 17.75
3 0 17.75
1 0 1
1 0.5 1
1 0.5 1
1 0.5 1

0 0.320 1
1 0.135 1
2 0 1
2 0.320 1
3 0.135 1
1 0 1
1 0.320 1
2 0.135 1
1 0 1
3 0.320 1
3 0.135 1
2 0 1
0 0.235 1
1 0 1
2 0 1

0 1.25 6
2 0 6
3 0 6

0 0.765 1
1 0 1
3 0 1
2 0.135 1
1 0.270 1
2 0 1
3 0 1
0 0.135 1

0 0.350 1
2 0 1
3 0 1
1 0.135 1
0 0.270 1
3 0 1
2 0.135 1
1 0 1

2 0.350 1
3 0 1
1 0.270 1
0 0.350 3
1 0 3
3 0 1
3 0.6 1

3 0.5 1
1 0.135 1
2 0.135 1
1 0 1
0 0.135 1
3 0 1
0 0.350 3
3 0 3

1 0.5 1
2 0.5 1

2 0.6 1
0 0 1
3 0.45 1
0 0 1
0 0.476 1
2 0 1
2 0.476 1
3 0 1
0 0.476 1
3 0 1
1 0.158 1
3 0.476 1
1 0 1
0 0.476 1
2 0 1
2 0.476 1
1 0 1
0 0.476 1
2 0 1
2 0.476 1
3 0 1
0 0.476 1
3 0 1
3 0.476 1
2 0 1
0 0.158 1
1 0.158 1
1 0.476 1
2 0 1

0 0.476 1
1 0 1
3 0 1
0 0.476 1
2 0 1
3 0 1
1 0.476 1
2 0 1
0 0 1
1 0.476 1
2 0 1
3 0 1

3 0.476 13
1 0 13
0 0 21
2 1.2 8

0 0.8 1
1 0 1
3 0.3 1
2 0.2 1
1 0.2 1
2 0 1
0 0.3 1
2 0.476 1
1 0.476 13
2 0 13
0 1.2 8
3 0 8

0 0.952 1
1 0.476 1
3 0.16 1
2 0.16 1
1 0.238 1
0 0.3 1
1 0.16 1
0 0.16 1

3 0.71 1
2 0.16 1
1 0.16 1
0 0.238 1
1 0.3 1
2 0.16 1
3 0.16 1

1 0.71 1
2 0.16 1
1 0.16 1
3 0.238 1
2 0.3 1
1 0.16 1
2 0.16 1

3 0.71 1
1 0.16 1
2 0.16 1
1 0.238 1
2 0.3 1
0 0.16 1
1 0.16 1

2 0.71 1
1 0.115 1
3 0.115 1
1 0.115 1
2 0.115 1
0 0 1
1 0.115 1
3 0.115 1
1 0.115 1
2 0.115 1
3 0 1
0 0.115 1
1 0.115 1
2 0.115 1
1 0.115 1
2 0 1
0 0.115 1
2 0.115 1
0 0.115 1
3 0.115 1
1 0 1
2 0.115 1
3 0.115 1
1 0.115 1
2 0.115 1
0 0 1
3 0.115 1
2 0.115 1
1 0.115 1
2 0.115 1
0 0 1
3 0.115 1
2 0.115 1
3 0.115 1
0 0.115 1
2 0 1
1 0.115 1
3 0.115 1
0 0.115 1
1 0.115 1
3 0 1
0 0.115 1
2 0.115 1
1 0.115 1
3 0.115 1
0 0 1
2 0.115 1
1 0.115 5

1 1 1
2 0.115 4
1 0.5 5
3 1.1 6
2 0 6

0 1.9 6
1 0 6
3 0 6

0 0.765 1
1 0 1
3 0 1
2 0.135 1
1 0.270 1
2 0 1
3 0 1
0 0.135 1

0 0.350 1
2 0 1
3 0 1
1 0.135 1
0 0.270 1
3 0 1
2 0.135 1
1 0 1

2 0.350 1
3 0 1
1 0.270 1
0 0.350 3
1 0 3
3 0 1
3 0.6 1

3 0.5 1
1 0.135 1
2 0.135 1
1 0 1
0 0.135 1
3 0 1
0 0.350 3
3 0 3

1 0.6 1
2 0 1
3 0.5 1
3 0.5 1
0 0 1
1 0 1
3 0.5 1

1 0.5 6
2 0 6
3 0 6

0 0.765 1
1 0 1
2 0 1
3 0.135 1
0 0.270 1
1 0 1
3 0 1
2 0.135 1

1 0.350 1
2 0 1
3 0 1
0 0.135 1
1 0.270 1
2 0 1
0 0.135 1
3 0 1

0 0.350 1
3 0 1
1 0.270 1
1 0.350 3
2 0 3
3 0 1
3 0.6 1

3 0.5 1
0 0.135 1
1 0.135 1
2 0.135 1
0 0 1
1 0.350 3
2 0 3

1 0.6 1
2 0 1
3 0.5 1
0 0.5 18
1 0 18
3 0 1
3 0.5 1
3 0.5 1
3 0.5 1

2 0.365 1
3 0.135 1
1 0 1

1 0.345 1
2 0.135 1
3 0 1

1 0.340 1
0 0.135 1
3 0 1

1 0.340 1
3 0.135 1
2 0 1

0 0.475 17.75
3 0 17.75
1 0 1
1 0.5 1
1 0.5 1
1 0.5 1

0 0.320 1
1 0.135 1
2 0 1
2 0.320 1
3 0.135 1
1 0 1
1 0.320 1
2 0.135 1
1 0 1
3 0.320 1
3 0.135 1
2 0 1
0 0.235 1
1 0 1
2 0 1

0 1.25 6
2 0 6
3 0 6

0 0.765 1
1 0 1
3 0 1
2 0.135 1
1 0.270 1
2 0 1
3 0 1
0 0.135 1

0 0.350 1
2 0 1
3 0 1
1 0.135 1
0 0.270 1
3 0 1
2 0.135 1
1 0 1

2 0.350 1
3 0 1
1 0.270 1
0 0.350 3
1 0 3
3 0 1
3 0.6 1

3 0.5 1
1 0.135 1
2 0.135 1
1 0 1
0 0.135 1
3 0 1
0 0.350 3
3 0 3

1 0.5 1
2 0.5 1

1 0.6 1
2 0 1
3 0.45 1
0 0 1
1 0.476 1
2 0 1
1 0.476 1
3 0 1
0 0.476 1
2 0 1
1 0.158 1
0 0.476 1
2 0 1
3 0.476 1
1 0 1
0 0.476 1
3 0 1
0 0.476 1
2 0 1
2 0.476 1
1 0 1
0 0.476 1
3 0 1
3 0.476 1
1 0 1
2 0.158 1
1 0.158 1
3 0.476 1
2 0 1

2 0.476 1
3 0 1
1 0.476 1
0 0 1
0 0.476 1
1 0 1
2 0 1
0 0.476 1
2 0 1
3 0 1

1 0.476 13
2 0 13
0 0 21
3 1.2 8

2 0.8 1
3 0 1
1 0.3 1
0 0.2 1
1 0.2 1
2 0 1
0 0.3 1
3 0.476 1
0 0.476 13
2 0 13
1 1.2 8
3 0 8

0 1.47 1
1 0.115 1
2 0.115 1
3 0.115 1
2 0.115 1
1 0.115 1
0 0.115 1
1 0.115 1
2 0.115 1
1 0.115 1
0 0.115 1
2 0.115 1
3 0.115 1
2 0.115 1
1 0.115 1
0 0.115 1
1 0.115 1
2 0.115 1
3 0.115 1
2 0.115 1
1 0.115 1
0 0.115 1
1 0.115 1
2 0.115 1
3 0.115 1
2 0.115 1
1 0.115 1
0 0.115 1
1 0.115 1
2 0.115 1
3 0.115 1
1 0.115 1
0 0.115 1
1 0.115 1
0 0.115 1
1 0.115 1
2 0.115 1
3 0.115 1
2 0.115 5

0 1 1
1 0.115 4
0 0.5 5
2 1.1 6
3 0 6

1 12 6
2 0 6
3 0 6

2 0.765 1
1 0 1
3 0 1
1 0.135 1
0 0.270 1
3 0 1
2 0 1
1 0.135 1

0 0.350 1
3 0 1
2 0 1
0 0.135 1
1 0.270 1
2 0 1
3 0.135 1
1 0 1

3 0.350 1
2 0 1
0 0.270 1
1 0.350 3
3 0 3
2 0 1
0 0.6 1

1 0.5 1
3 0.135 1
1 0.135 1
2 0 1
0 0.135 1
3 0 1
2 0.350 3
1 0 3

3 0.6 1
0 0 1
1 0.5 1
2 0.5 1
0 0 1
3 0 1
1 0.5 1

1 0.5 6
2 0 6
3 0 6

1 0.765 1
3 0 1
2 0 1
0 0.135 1
3 0.270 1
1 0 1
3 0 1
2 0.135 1
0 0.350 1
2 0 1
3 0 1
1 0.135 1
1 0.270 1
2 0 1
3 0.135 1
0 0 1

0 0.350 1
3 0 1
1 0.270 1
1 0.350 3
2 0 3
3 0 1
3 0.6 1

3 0.5 1
0 0.135 1
1 0.135 1
2 0.135 1
0 0 1
1 0.350 3
2 0 3

1 0.6 1
2 0 1
3 0.5 1
2 0.5 18
0 0 18
3 0 1
1 0.5 1
3 0.5 1
1 0.5 1

2 0.365 1
3 0.135 1
1 0 1

1 0.345 1
2 0.135 1
3 0 1

1 0.340 1
0 0.135 1
3 0 1

1 0.340 1
3 0.135 1
2 0 1

0 0.475 17.75
3 0 17.75
1 0 1
1 0.5 1
1 0.5 1
1 0.5 1

0 0.320 1
1 0.135 1
2 0 1
2 0.320 1
3 0.135 1
1 0 1
1 0.320 1
2 0.135 1
1 0 1
3 0.320 1
3 0.135 1
2 0 1
0 0.235 1
1 0 1
2 0 1

0 1.25 6
2 0 6
3 0 6

0 0.765 1
1 0 1
3 0 1
2 0.135 1
1 0.270 1
2 0 1
3 0 1
0 0.135 1

0 0.350 1
2 0 1
3 0 1
1 0.135 1
0 0.270 1
3 0 1
2 0.135 1
1 0 1

2 0.350 1
3 0 1
1 0.270 1
0 0.350 3
1 0 3
3 0 1
3 0.6 1

3 0.5 1
1 0.135 1
2 0.135 1
1 0 1
0 0.135 1
3 0 1
0 0.350 3
3 0 3